{
 "cells": [
  {
   "cell_type": "code",
   "execution_count": 4,
   "metadata": {},
   "outputs": [],
   "source": [
    "import numpy as np"
   ]
  },
  {
   "cell_type": "code",
   "execution_count": 11,
   "metadata": {},
   "outputs": [
    {
     "data": {
      "text/plain": [
       "array([[-2.04707659e-01,  4.78943338e-01, -5.19438715e-01,\n",
       "        -5.55730304e-01,  1.96578057e+00,  1.39340583e+00],\n",
       "       [ 9.29078767e-02,  2.81746153e-01,  7.69022568e-01,\n",
       "         1.24643474e+00,  1.00718936e+00, -1.29622111e+00],\n",
       "       [ 2.74991633e-01,  2.28912879e-01,  1.35291684e+00,\n",
       "         8.86429341e-01, -2.00163731e+00, -3.71842537e-01],\n",
       "       [ 1.66902531e+00, -4.38569736e-01, -5.39741446e-01,\n",
       "         4.76985010e-01,  3.24894392e+00, -1.02122752e+00],\n",
       "       [-5.77087303e-01,  1.24121276e-01,  3.02613562e-01,\n",
       "         5.23772068e-01,  9.40277775e-04,  1.34380979e+00]])"
      ]
     },
     "execution_count": 11,
     "metadata": {},
     "output_type": "execute_result"
    }
   ],
   "source": [
    "np.random.seed(12345)\n",
    "data = np.random.randn(5,6)\n",
    "data"
   ]
  },
  {
   "cell_type": "code",
   "execution_count": 13,
   "metadata": {},
   "outputs": [
    {
     "data": {
      "text/plain": [
       "3.248943919430755"
      ]
     },
     "execution_count": 13,
     "metadata": {},
     "output_type": "execute_result"
    }
   ],
   "source": [
    "a = data.max()"
   ]
  },
  {
   "cell_type": "code",
   "execution_count": 20,
   "metadata": {},
   "outputs": [
    {
     "data": {
      "text/plain": [
       "array([1.25512986, 0.67515391, 1.3653728 , 2.57789085, 4.22121682,\n",
       "       0.04792446])"
      ]
     },
     "execution_count": 20,
     "metadata": {},
     "output_type": "execute_result"
    }
   ],
   "source": [
    "b = data.sum(axis=0)\n",
    "b"
   ]
  },
  {
   "cell_type": "code",
   "execution_count": 21,
   "metadata": {},
   "outputs": [
    {
     "data": {
      "text/plain": [
       "array([0.42637551, 0.35017993, 0.06162847, 0.56590259, 0.28636161])"
      ]
     },
     "execution_count": 21,
     "metadata": {},
     "output_type": "execute_result"
    }
   ],
   "source": [
    "c = data.mean(axis=1)\n",
    "c"
   ]
  },
  {
   "cell_type": "code",
   "execution_count": 32,
   "metadata": {},
   "outputs": [
    {
     "data": {
      "text/plain": [
       "array([[-5.77087303e-01,  1.24121276e-01,  3.02613562e-01,\n",
       "         5.23772068e-01,  9.40277775e-04,  1.34380979e+00],\n",
       "       [-2.04707659e-01,  4.78943338e-01, -5.19438715e-01,\n",
       "        -5.55730304e-01,  1.96578057e+00,  1.39340583e+00],\n",
       "       [ 9.29078767e-02,  2.81746153e-01,  7.69022568e-01,\n",
       "         1.24643474e+00,  1.00718936e+00, -1.29622111e+00],\n",
       "       [ 2.74991633e-01,  2.28912879e-01,  1.35291684e+00,\n",
       "         8.86429341e-01, -2.00163731e+00, -3.71842537e-01],\n",
       "       [ 1.66902531e+00, -4.38569736e-01, -5.39741446e-01,\n",
       "         4.76985010e-01,  3.24894392e+00, -1.02122752e+00]])"
      ]
     },
     "execution_count": 32,
     "metadata": {},
     "output_type": "execute_result"
    }
   ],
   "source": [
    "d = data[data[:,0].argsort(), :]\n",
    "d"
   ]
  },
  {
   "cell_type": "code",
   "execution_count": 33,
   "metadata": {},
   "outputs": [
    {
     "data": {
      "text/plain": [
       "array([[-5.55730304e-01, -5.19438715e-01, -2.04707659e-01,\n",
       "         4.78943338e-01,  1.39340583e+00,  1.96578057e+00],\n",
       "       [ 1.24643474e+00,  7.69022568e-01,  9.29078767e-02,\n",
       "         2.81746153e-01, -1.29622111e+00,  1.00718936e+00],\n",
       "       [ 8.86429341e-01,  1.35291684e+00,  2.74991633e-01,\n",
       "         2.28912879e-01, -3.71842537e-01, -2.00163731e+00],\n",
       "       [ 4.76985010e-01, -5.39741446e-01,  1.66902531e+00,\n",
       "        -4.38569736e-01, -1.02122752e+00,  3.24894392e+00],\n",
       "       [ 5.23772068e-01,  3.02613562e-01, -5.77087303e-01,\n",
       "         1.24121276e-01,  1.34380979e+00,  9.40277775e-04]])"
      ]
     },
     "execution_count": 33,
     "metadata": {},
     "output_type": "execute_result"
    }
   ],
   "source": [
    "e = data[:, data[0].argsort()]\n",
    "e"
   ]
  },
  {
   "cell_type": "code",
   "execution_count": null,
   "metadata": {},
   "outputs": [],
   "source": []
  },
  {
   "cell_type": "code",
   "execution_count": 34,
   "metadata": {},
   "outputs": [],
   "source": [
    "import pandas as pd"
   ]
  },
  {
   "cell_type": "code",
   "execution_count": 36,
   "metadata": {},
   "outputs": [
    {
     "data": {
      "text/plain": [
       "{'번호': [1, 2, 3, 4, 5, 1, 2, 3, 4, 5],\n",
       " '반': ['A', 'A', 'A', 'A', 'A', 'B', 'B', 'B', 'B', 'B'],\n",
       " '영어': [100, 90, 100, 80, 70, 90, 100, 70, 80, 90],\n",
       " '국어': [90, 80, 90, 70, 100, 80, 90, 100, 70, 80],\n",
       " '수학': [80, 100, 80, 90, 80, 100, 70, 80, 90, 100]}"
      ]
     },
     "execution_count": 36,
     "metadata": {},
     "output_type": "execute_result"
    }
   ],
   "source": [
    "data = {\n",
    "        '번호' : [1, 2, 3, 4, 5, 1, 2, 3, 4, 5],\n",
    "        '반' : ['A', 'A', 'A', 'A', 'A', 'B', 'B', 'B', 'B', 'B'],\n",
    "        '영어' : [100, 90, 100, 80, 70, 90, 100, 70, 80, 90],\n",
    "        '국어' : [90, 80, 90, 70, 100, 80, 90, 100, 70, 80],\n",
    "        '수학' : [80, 100, 80, 90, 80, 100, 70, 80, 90, 100]}\n",
    "data"
   ]
  },
  {
   "cell_type": "code",
   "execution_count": 40,
   "metadata": {},
   "outputs": [
    {
     "data": {
      "text/html": [
       "<div>\n",
       "<style scoped>\n",
       "    .dataframe tbody tr th:only-of-type {\n",
       "        vertical-align: middle;\n",
       "    }\n",
       "\n",
       "    .dataframe tbody tr th {\n",
       "        vertical-align: top;\n",
       "    }\n",
       "\n",
       "    .dataframe thead th {\n",
       "        text-align: right;\n",
       "    }\n",
       "</style>\n",
       "<table border=\"1\" class=\"dataframe\">\n",
       "  <thead>\n",
       "    <tr style=\"text-align: right;\">\n",
       "      <th></th>\n",
       "      <th>번호</th>\n",
       "      <th>반</th>\n",
       "      <th>영어</th>\n",
       "      <th>국어</th>\n",
       "      <th>수학</th>\n",
       "    </tr>\n",
       "  </thead>\n",
       "  <tbody>\n",
       "    <tr>\n",
       "      <th>0</th>\n",
       "      <td>1</td>\n",
       "      <td>A</td>\n",
       "      <td>100</td>\n",
       "      <td>90</td>\n",
       "      <td>80</td>\n",
       "    </tr>\n",
       "    <tr>\n",
       "      <th>1</th>\n",
       "      <td>2</td>\n",
       "      <td>A</td>\n",
       "      <td>90</td>\n",
       "      <td>80</td>\n",
       "      <td>100</td>\n",
       "    </tr>\n",
       "    <tr>\n",
       "      <th>2</th>\n",
       "      <td>3</td>\n",
       "      <td>A</td>\n",
       "      <td>100</td>\n",
       "      <td>90</td>\n",
       "      <td>80</td>\n",
       "    </tr>\n",
       "    <tr>\n",
       "      <th>3</th>\n",
       "      <td>4</td>\n",
       "      <td>A</td>\n",
       "      <td>80</td>\n",
       "      <td>70</td>\n",
       "      <td>90</td>\n",
       "    </tr>\n",
       "    <tr>\n",
       "      <th>4</th>\n",
       "      <td>5</td>\n",
       "      <td>A</td>\n",
       "      <td>70</td>\n",
       "      <td>100</td>\n",
       "      <td>80</td>\n",
       "    </tr>\n",
       "    <tr>\n",
       "      <th>5</th>\n",
       "      <td>1</td>\n",
       "      <td>B</td>\n",
       "      <td>90</td>\n",
       "      <td>80</td>\n",
       "      <td>100</td>\n",
       "    </tr>\n",
       "    <tr>\n",
       "      <th>6</th>\n",
       "      <td>2</td>\n",
       "      <td>B</td>\n",
       "      <td>100</td>\n",
       "      <td>90</td>\n",
       "      <td>70</td>\n",
       "    </tr>\n",
       "    <tr>\n",
       "      <th>7</th>\n",
       "      <td>3</td>\n",
       "      <td>B</td>\n",
       "      <td>70</td>\n",
       "      <td>100</td>\n",
       "      <td>80</td>\n",
       "    </tr>\n",
       "    <tr>\n",
       "      <th>8</th>\n",
       "      <td>4</td>\n",
       "      <td>B</td>\n",
       "      <td>80</td>\n",
       "      <td>70</td>\n",
       "      <td>90</td>\n",
       "    </tr>\n",
       "    <tr>\n",
       "      <th>9</th>\n",
       "      <td>5</td>\n",
       "      <td>B</td>\n",
       "      <td>90</td>\n",
       "      <td>80</td>\n",
       "      <td>100</td>\n",
       "    </tr>\n",
       "  </tbody>\n",
       "</table>\n",
       "</div>"
      ],
      "text/plain": [
       "   번호  반   영어   국어   수학\n",
       "0   1  A  100   90   80\n",
       "1   2  A   90   80  100\n",
       "2   3  A  100   90   80\n",
       "3   4  A   80   70   90\n",
       "4   5  A   70  100   80\n",
       "5   1  B   90   80  100\n",
       "6   2  B  100   90   70\n",
       "7   3  B   70  100   80\n",
       "8   4  B   80   70   90\n",
       "9   5  B   90   80  100"
      ]
     },
     "execution_count": 40,
     "metadata": {},
     "output_type": "execute_result"
    }
   ],
   "source": [
    "a = pd.DataFrame(data)\n",
    "a"
   ]
  },
  {
   "cell_type": "code",
   "execution_count": 45,
   "metadata": {},
   "outputs": [
    {
     "data": {
      "text/html": [
       "<div>\n",
       "<style scoped>\n",
       "    .dataframe tbody tr th:only-of-type {\n",
       "        vertical-align: middle;\n",
       "    }\n",
       "\n",
       "    .dataframe tbody tr th {\n",
       "        vertical-align: top;\n",
       "    }\n",
       "\n",
       "    .dataframe thead th {\n",
       "        text-align: right;\n",
       "    }\n",
       "</style>\n",
       "<table border=\"1\" class=\"dataframe\">\n",
       "  <thead>\n",
       "    <tr style=\"text-align: right;\">\n",
       "      <th></th>\n",
       "      <th>영어</th>\n",
       "      <th>국어</th>\n",
       "      <th>수학</th>\n",
       "    </tr>\n",
       "  </thead>\n",
       "  <tbody>\n",
       "    <tr>\n",
       "      <th>0</th>\n",
       "      <td>100</td>\n",
       "      <td>90</td>\n",
       "      <td>80</td>\n",
       "    </tr>\n",
       "    <tr>\n",
       "      <th>1</th>\n",
       "      <td>90</td>\n",
       "      <td>80</td>\n",
       "      <td>100</td>\n",
       "    </tr>\n",
       "    <tr>\n",
       "      <th>2</th>\n",
       "      <td>100</td>\n",
       "      <td>90</td>\n",
       "      <td>80</td>\n",
       "    </tr>\n",
       "    <tr>\n",
       "      <th>3</th>\n",
       "      <td>80</td>\n",
       "      <td>70</td>\n",
       "      <td>90</td>\n",
       "    </tr>\n",
       "    <tr>\n",
       "      <th>4</th>\n",
       "      <td>70</td>\n",
       "      <td>100</td>\n",
       "      <td>80</td>\n",
       "    </tr>\n",
       "    <tr>\n",
       "      <th>5</th>\n",
       "      <td>90</td>\n",
       "      <td>80</td>\n",
       "      <td>100</td>\n",
       "    </tr>\n",
       "    <tr>\n",
       "      <th>6</th>\n",
       "      <td>100</td>\n",
       "      <td>90</td>\n",
       "      <td>70</td>\n",
       "    </tr>\n",
       "    <tr>\n",
       "      <th>7</th>\n",
       "      <td>70</td>\n",
       "      <td>100</td>\n",
       "      <td>80</td>\n",
       "    </tr>\n",
       "    <tr>\n",
       "      <th>8</th>\n",
       "      <td>80</td>\n",
       "      <td>70</td>\n",
       "      <td>90</td>\n",
       "    </tr>\n",
       "    <tr>\n",
       "      <th>9</th>\n",
       "      <td>90</td>\n",
       "      <td>80</td>\n",
       "      <td>100</td>\n",
       "    </tr>\n",
       "  </tbody>\n",
       "</table>\n",
       "</div>"
      ],
      "text/plain": [
       "    영어   국어   수학\n",
       "0  100   90   80\n",
       "1   90   80  100\n",
       "2  100   90   80\n",
       "3   80   70   90\n",
       "4   70  100   80\n",
       "5   90   80  100\n",
       "6  100   90   70\n",
       "7   70  100   80\n",
       "8   80   70   90\n",
       "9   90   80  100"
      ]
     },
     "execution_count": 45,
     "metadata": {},
     "output_type": "execute_result"
    }
   ],
   "source": [
    "b = a.drop(['반', '번호'], axis = 'columns')\n",
    "b"
   ]
  },
  {
   "cell_type": "code",
   "execution_count": 72,
   "metadata": {},
   "outputs": [
    {
     "data": {
      "text/html": [
       "<div>\n",
       "<style scoped>\n",
       "    .dataframe tbody tr th:only-of-type {\n",
       "        vertical-align: middle;\n",
       "    }\n",
       "\n",
       "    .dataframe tbody tr th {\n",
       "        vertical-align: top;\n",
       "    }\n",
       "\n",
       "    .dataframe thead th {\n",
       "        text-align: right;\n",
       "    }\n",
       "</style>\n",
       "<table border=\"1\" class=\"dataframe\">\n",
       "  <thead>\n",
       "    <tr style=\"text-align: right;\">\n",
       "      <th></th>\n",
       "      <th>영어</th>\n",
       "      <th>국어</th>\n",
       "      <th>수학</th>\n",
       "      <th>평균</th>\n",
       "    </tr>\n",
       "  </thead>\n",
       "  <tbody>\n",
       "    <tr>\n",
       "      <th>0</th>\n",
       "      <td>100</td>\n",
       "      <td>90</td>\n",
       "      <td>80</td>\n",
       "      <td>90.000000</td>\n",
       "    </tr>\n",
       "    <tr>\n",
       "      <th>1</th>\n",
       "      <td>90</td>\n",
       "      <td>80</td>\n",
       "      <td>100</td>\n",
       "      <td>90.000000</td>\n",
       "    </tr>\n",
       "    <tr>\n",
       "      <th>2</th>\n",
       "      <td>100</td>\n",
       "      <td>90</td>\n",
       "      <td>80</td>\n",
       "      <td>90.000000</td>\n",
       "    </tr>\n",
       "    <tr>\n",
       "      <th>3</th>\n",
       "      <td>80</td>\n",
       "      <td>70</td>\n",
       "      <td>90</td>\n",
       "      <td>80.000000</td>\n",
       "    </tr>\n",
       "    <tr>\n",
       "      <th>4</th>\n",
       "      <td>70</td>\n",
       "      <td>100</td>\n",
       "      <td>80</td>\n",
       "      <td>83.333333</td>\n",
       "    </tr>\n",
       "    <tr>\n",
       "      <th>5</th>\n",
       "      <td>90</td>\n",
       "      <td>80</td>\n",
       "      <td>100</td>\n",
       "      <td>90.000000</td>\n",
       "    </tr>\n",
       "    <tr>\n",
       "      <th>6</th>\n",
       "      <td>100</td>\n",
       "      <td>90</td>\n",
       "      <td>70</td>\n",
       "      <td>86.666667</td>\n",
       "    </tr>\n",
       "    <tr>\n",
       "      <th>7</th>\n",
       "      <td>70</td>\n",
       "      <td>100</td>\n",
       "      <td>80</td>\n",
       "      <td>83.333333</td>\n",
       "    </tr>\n",
       "    <tr>\n",
       "      <th>8</th>\n",
       "      <td>80</td>\n",
       "      <td>70</td>\n",
       "      <td>90</td>\n",
       "      <td>80.000000</td>\n",
       "    </tr>\n",
       "    <tr>\n",
       "      <th>9</th>\n",
       "      <td>90</td>\n",
       "      <td>80</td>\n",
       "      <td>100</td>\n",
       "      <td>90.000000</td>\n",
       "    </tr>\n",
       "  </tbody>\n",
       "</table>\n",
       "</div>"
      ],
      "text/plain": [
       "    영어   국어   수학         평균\n",
       "0  100   90   80  90.000000\n",
       "1   90   80  100  90.000000\n",
       "2  100   90   80  90.000000\n",
       "3   80   70   90  80.000000\n",
       "4   70  100   80  83.333333\n",
       "5   90   80  100  90.000000\n",
       "6  100   90   70  86.666667\n",
       "7   70  100   80  83.333333\n",
       "8   80   70   90  80.000000\n",
       "9   90   80  100  90.000000"
      ]
     },
     "execution_count": 72,
     "metadata": {},
     "output_type": "execute_result"
    }
   ],
   "source": [
    "b['평균'] = b.mean(axis=1)\n",
    "c = b\n",
    "c"
   ]
  },
  {
   "cell_type": "code",
   "execution_count": 77,
   "metadata": {},
   "outputs": [
    {
     "data": {
      "text/html": [
       "<div>\n",
       "<style scoped>\n",
       "    .dataframe tbody tr th:only-of-type {\n",
       "        vertical-align: middle;\n",
       "    }\n",
       "\n",
       "    .dataframe tbody tr th {\n",
       "        vertical-align: top;\n",
       "    }\n",
       "\n",
       "    .dataframe thead th {\n",
       "        text-align: right;\n",
       "    }\n",
       "</style>\n",
       "<table border=\"1\" class=\"dataframe\">\n",
       "  <thead>\n",
       "    <tr style=\"text-align: right;\">\n",
       "      <th></th>\n",
       "      <th>영어</th>\n",
       "      <th>국어</th>\n",
       "      <th>수학</th>\n",
       "      <th>평균</th>\n",
       "    </tr>\n",
       "  </thead>\n",
       "  <tbody>\n",
       "    <tr>\n",
       "      <th>0</th>\n",
       "      <td>100.0</td>\n",
       "      <td>90.0</td>\n",
       "      <td>80.0</td>\n",
       "      <td>90.000000</td>\n",
       "    </tr>\n",
       "    <tr>\n",
       "      <th>1</th>\n",
       "      <td>90.0</td>\n",
       "      <td>80.0</td>\n",
       "      <td>100.0</td>\n",
       "      <td>90.000000</td>\n",
       "    </tr>\n",
       "    <tr>\n",
       "      <th>2</th>\n",
       "      <td>100.0</td>\n",
       "      <td>90.0</td>\n",
       "      <td>80.0</td>\n",
       "      <td>90.000000</td>\n",
       "    </tr>\n",
       "    <tr>\n",
       "      <th>3</th>\n",
       "      <td>80.0</td>\n",
       "      <td>70.0</td>\n",
       "      <td>90.0</td>\n",
       "      <td>80.000000</td>\n",
       "    </tr>\n",
       "    <tr>\n",
       "      <th>4</th>\n",
       "      <td>70.0</td>\n",
       "      <td>100.0</td>\n",
       "      <td>80.0</td>\n",
       "      <td>83.333333</td>\n",
       "    </tr>\n",
       "    <tr>\n",
       "      <th>5</th>\n",
       "      <td>90.0</td>\n",
       "      <td>80.0</td>\n",
       "      <td>100.0</td>\n",
       "      <td>90.000000</td>\n",
       "    </tr>\n",
       "    <tr>\n",
       "      <th>6</th>\n",
       "      <td>100.0</td>\n",
       "      <td>90.0</td>\n",
       "      <td>70.0</td>\n",
       "      <td>86.666667</td>\n",
       "    </tr>\n",
       "    <tr>\n",
       "      <th>7</th>\n",
       "      <td>70.0</td>\n",
       "      <td>100.0</td>\n",
       "      <td>80.0</td>\n",
       "      <td>83.333333</td>\n",
       "    </tr>\n",
       "    <tr>\n",
       "      <th>8</th>\n",
       "      <td>80.0</td>\n",
       "      <td>70.0</td>\n",
       "      <td>90.0</td>\n",
       "      <td>80.000000</td>\n",
       "    </tr>\n",
       "    <tr>\n",
       "      <th>9</th>\n",
       "      <td>90.0</td>\n",
       "      <td>80.0</td>\n",
       "      <td>100.0</td>\n",
       "      <td>90.000000</td>\n",
       "    </tr>\n",
       "    <tr>\n",
       "      <th>평균</th>\n",
       "      <td>87.0</td>\n",
       "      <td>85.0</td>\n",
       "      <td>87.0</td>\n",
       "      <td>86.333333</td>\n",
       "    </tr>\n",
       "  </tbody>\n",
       "</table>\n",
       "</div>"
      ],
      "text/plain": [
       "       영어     국어     수학         평균\n",
       "0   100.0   90.0   80.0  90.000000\n",
       "1    90.0   80.0  100.0  90.000000\n",
       "2   100.0   90.0   80.0  90.000000\n",
       "3    80.0   70.0   90.0  80.000000\n",
       "4    70.0  100.0   80.0  83.333333\n",
       "5    90.0   80.0  100.0  90.000000\n",
       "6   100.0   90.0   70.0  86.666667\n",
       "7    70.0  100.0   80.0  83.333333\n",
       "8    80.0   70.0   90.0  80.000000\n",
       "9    90.0   80.0  100.0  90.000000\n",
       "평균   87.0   85.0   87.0  86.333333"
      ]
     },
     "execution_count": 77,
     "metadata": {},
     "output_type": "execute_result"
    }
   ],
   "source": [
    "c.loc['평균'] = c.mean(axis=0)\n",
    "d = c\n",
    "d"
   ]
  },
  {
   "cell_type": "code",
   "execution_count": null,
   "metadata": {},
   "outputs": [],
   "source": []
  }
 ],
 "metadata": {
  "kernelspec": {
   "display_name": "Python 3",
   "language": "python",
   "name": "python3"
  },
  "language_info": {
   "codemirror_mode": {
    "name": "ipython",
    "version": 3
   },
   "file_extension": ".py",
   "mimetype": "text/x-python",
   "name": "python",
   "nbconvert_exporter": "python",
   "pygments_lexer": "ipython3",
   "version": "3.7.4"
  }
 },
 "nbformat": 4,
 "nbformat_minor": 4
}
